24 0 1 2 3 18 4 18 5 6 25
24 2 3 18 4 18 5 6 25
24 8 9 18 4 18 5 6 25
24 16 0 19 1 2 3 18 4 18 5 6 25
24 8 8 8 9 19 1 20 1 19 1 2 18 4 18 5 6 25
24 0 19 2 3 18 4 18 5 6 25
24 0 19 1 2 2 3 18 4 18 5 6 25
24 0 19 1 2 3 18 4 18 5 6 25
24 0 19 1 2 3 18 4 4 18 5 6 25
24 8 8 9 18 2 3 4 18 4 18 5 6 25
24 1 2 3 18 4 18 5 6 25
24 0 19 1 2 3 18 4 4 18 5 6 25
24 0 19 1 2 3 18 4 18 5 6 25
24 8 9 18 4 18 5 6 25
24 0 18 1 20 1 2 3 18 4 18 5 6 25
24 8 9 15 9 18 1 20 1 2 3 18 4 18 5 6 25
24 0 18 4 4 18 2 3 18 4 18 5 6 25
24 0 19 1 2 2 3 18 4 4 18 5 6 25
24 0 1 2 3 18 4 18 5 6 25
24 1 2 2 3 18 4 18 5 6 25
24 0 19 1 2 3 18 4 18 5 6 25
24 8 9 18 4 18 5 6 25
24 0 19 1 2 3 18 4 4 18 5 6 25
24 0 19 1 2 3 18 4 4 18 5 6 25
24 0 19 1 2 3 18 4 18 5 6 25
24 0 19 1 2 3 18 4 4 18 5 6 25
24 0 19 1 2 3 18 4 18 5 6 25
24 0 19 1 18 4 18 5 6 25
24 16 0 19 1 2 3 18 4 18 5 6 25
24 2 3 18 4 18 5 6 25
24 2 3 18 4 18 5 6 25
24 0 19 1 2 3 18 4 18 5 6 25
24 0 19 1 2 2 3 18 4 18 5 6 25
24 8 8 9 18 4 18 5 6 25
24 16 0 19 1 2 3 18 4 18 5 6 25
24 0 19 1 2 3 18 4 18 5 6 25
24 0 19 1 2 3 18 4 18 5 6 25
24 0 19 1 2 3 18 4 18 5 6 25
24 8 9 19 1 2 3 18 4 4 18 5 6 25
24 0 19 1 2 3 18 4 18 5 6 25
24 0 19 1 20 1 2 3 18 4 18 5 6 25
24 2 3 18 4 18 5 6 25
24 0 19 1 2 3 18 4 18 5 6 25
24 0 19 1 2 3 18 4 18 5 6 25
24 0 19 1 2 3 18 4 18 5 6 25
24 8 8 9 18 4 18 5 6 25
24 0 19 1 2 3 18 4 18 5 6 25
24 0 19 1 2 3 18 4 18 5 6 25
24 0 19 1 2 3 18 4 18 5 6 25
24 0 1 2 2 2 3 18 4 4 18 5 6 25
24 0 19 1 2 3 18 4 4 18 5 6 25
24 16 0 19 1 1 2 3 18 4 18 5 6 25
24 0 18 8 9 18 2 2 3 18 4 18 5 6 25
24 0 19 1 2 3 18 4 4 18 5 6 25
24 0 19 1 2 18 4 18 5 6 25
24 0 19 1 2 3 18 4 18 5 6 25
24 0 19 2 3 18 4 18 5 6 25
24 0 19 1 2 3 18 4 4 18 5 6 25
24 0 19 1 2 3 18 4 18 5 6 25
24 2 3 18 4 18 5 6 25
24 0 19 1 2 3 18 4 18 5 6 25
24 0 1 2 3 18 4 18 5 6 25
24 1 2 3 18 1 2 18 4 18 5 6 25
24 8 8 9 18 4 18 5 6 25
24 1 2 3 18 1 20 1 2 3 18 4 4 18 5 6 25
24 1 2 2 3 18 4 18 5 6 25
24 1 2 2 2 2 2 3 18 4 18 5 6 25
24 8 8 9 18 4 18 5 6 25
24 1 2 20 2 2 3 18 4 18 5 6 25
24 0 1 2 3 18 4 18 5 6 25
24 2 3 18 4 18 5 6 25
24 0 19 1 2 3 18 4 18 5 6 25
24 1 2 3 18 4 18 5 6 25
24 1 2 2 3 18 1 2 3 18 4 4 18 5 6 25
24 16 0 19 1 2 3 18 4 18 5 6 25
24 0 19 1 2 3 18 4 18 5 6 25
24 0 19 1 2 3 18 4 18 5 6 25
24 2 3 18 4 18 5 6 25
24 8 8 9 18 4 18 5 6 25
24 0 19 1 2 3 18 4 18 5 6 25
24 0 19 1 20 1 2 2 20 2 3 18 4 18 5 6 25
24 0 19 1 2 3 18 4 18 5 6 25
24 0 1 2 3 18 4 4 18 5 6 25
24 0 19 1 2 3 18 4 18 5 6 25
24 2 3 18 4 18 5 6 25
24 0 1 2 3 18 4 4 4 4 4 18 5 6 25
24 0 19 1 2 3 18 4 18 5 6 25
24 2 3 18 4 18 5 6 25
24 0 19 1 18 4 4 18 5 6 25
24 0 19 1 20 1 2 3 18 4 18 5 6 25
24 0 1 2 2 2 3 18 4 18 5 6 25
24 2 3 18 4 18 5 6 25
24 8 9 1 2 3 18 4 18 5 6 25
24 0 19 1 2 3 18 4 18 5 6 25
24 2 3 18 4 18 5 6 25
24 0 19 1 2 3 18 4 4 18 5 6 25
24 2 3 18 4 4 18 5 6 25
24 8 8 9 19 1 18 4 4 18 5 6 25
24 2 3 18 4 18 5 6 25
24 0 19 1 2 3 18 4 4 18 5 6 25