24 0 1 2 3 18 4 18 5 6 25
24 2 3 18 4 18 5 6 25
24 8 9 18 4 18 5 6 25
24 1 2 7 1 2 3 18 4 18 5 6 25
24 1 2 2 2 3 0 23 0 19 1 2 18 4 18 5 6 25
24 0 19 2 3 18 4 18 5 6 25
24 0 19 1 2 2 3 18 4 18 5 6 25
24 0 19 1 2 3 18 4 18 5 6 25
24 0 19 1 2 3 18 4 4 18 5 6 25
24 8 8 9 18 2 3 4 18 4 18 5 6 25
24 1 2 3 18 4 18 5 6 25
24 0 19 1 2 3 18 4 4 18 5 6 25
24 0 19 1 2 3 18 4 18 5 6 25
24 2 3 18 4 18 5 6 25
24 0 18 1 20 1 2 3 18 4 18 5 6 25
24 1 2 15 9 18 1 20 1 2 3 18 4 18 5 6 25
24 0 18 4 9 18 2 3 18 4 18 5 6 25
24 0 19 1 2 2 3 18 4 4 18 5 6 25
24 0 1 2 3 18 4 18 5 6 25
24 7 7 2 3 18 4 18 5 6 25
24 0 19 1 2 3 18 4 18 5 6 25
24 0 1 18 4 18 5 6 25
24 0 19 1 2 3 18 4 4 18 5 6 25
24 0 19 1 2 3 18 4 4 18 5 6 25
24 0 19 1 2 3 18 4 18 5 6 25
24 0 19 1 2 3 18 4 4 18 5 6 25
24 0 19 1 2 3 18 4 18 5 6 25
24 1 2 3 18 4 18 5 6 25
24 0 1 2 1 2 3 18 4 18 5 6 25
24 2 3 18 4 18 5 6 25
24 2 3 18 4 18 5 6 25
24 0 19 1 2 3 18 4 18 5 6 25
24 0 19 1 2 2 3 18 4 18 5 6 25
24 8 8 9 18 4 18 5 6 25
24 16 0 19 1 2 3 18 4 18 5 6 25
24 0 19 1 2 3 18 4 18 5 6 25
24 0 19 1 2 3 18 4 18 5 6 25
24 0 19 1 2 3 18 4 18 5 6 25
24 8 9 19 1 2 3 18 4 4 18 5 6 25
24 0 19 1 2 3 18 4 18 5 6 25
24 8 8 1 20 1 2 3 18 4 18 5 6 25
24 2 3 18 4 18 5 6 25
24 0 19 1 2 3 18 4 18 5 6 25
24 0 19 1 2 3 18 4 18 5 6 25
24 0 19 1 2 3 18 4 18 5 6 25
24 8 8 9 18 4 18 5 6 25
24 0 19 1 2 3 18 4 18 5 6 25
24 0 19 1 2 3 18 4 18 5 6 25
24 0 19 1 2 3 18 4 18 5 6 25
24 0 1 2 13 2 3 18 4 4 18 5 6 25
24 1 2 2 2 3 18 4 4 18 5 6 25
24 1 20 8 9 1 2 3 18 4 18 5 6 25
24 0 18 4 9 18 2 2 3 18 4 18 5 6 25
24 1 15 1 2 3 18 4 4 18 5 6 25
24 0 19 1 2 18 4 18 5 6 25
24 0 19 1 2 3 18 4 18 5 6 25
24 0 19 2 3 18 4 18 5 6 25
24 0 19 1 2 3 18 4 4 18 5 6 25
24 0 19 1 2 3 18 4 18 5 6 25
24 2 3 18 4 18 5 6 25
24 0 19 1 2 3 18 4 18 5 6 25
24 0 1 2 3 18 4 18 5 6 25
24 1 2 3 18 1 2 18 4 18 5 6 25
24 8 8 9 18 4 18 5 6 25
24 1 2 3 18 1 20 1 2 3 18 4 4 18 5 6 25
24 1 2 2 3 18 4 18 5 6 25
24 21 1 2 2 22 2 3 18 4 18 5 6 25
24 8 8 9 18 4 18 5 6 25
24 1 2 20 2 2 3 18 4 18 5 6 25
24 0 1 2 3 18 4 18 5 6 25
24 2 3 18 4 18 5 6 25
24 0 19 1 2 3 18 4 18 5 6 25
24 1 2 3 18 4 18 5 6 25
24 1 2 2 3 18 1 2 3 18 4 4 18 5 6 25
24 16 0 19 1 2 3 18 4 18 5 6 25
24 0 19 1 2 3 18 4 18 5 6 25
24 0 19 1 2 3 18 4 18 5 6 25
24 2 3 18 4 18 5 6 25
24 8 8 9 18 4 18 5 6 25
24 0 19 1 2 3 18 4 18 5 6 25
24 21 19 1 22 1 2 2 20 2 3 18 4 18 5 6 25
24 0 19 1 2 3 18 4 18 5 6 25
24 0 1 2 3 18 4 4 18 5 6 25
24 0 19 2 2 3 18 4 18 5 6 25
24 2 3 18 4 18 5 6 25
24 0 1 2 3 18 4 4 4 4 4 18 5 6 25
24 0 19 1 2 3 18 4 18 5 6 25
24 2 3 18 4 18 5 6 25
24 1 2 3 18 4 4 18 5 6 25
24 1 2 1 20 1 2 3 18 4 18 5 6 25
24 0 1 2 2 2 3 18 4 18 5 6 25
24 2 3 18 4 18 5 6 25
24 8 9 1 2 3 18 4 18 5 6 25
24 7 7 1 2 3 18 4 18 5 6 25
24 2 3 18 4 18 5 6 25
24 0 19 1 2 3 18 4 4 18 5 6 25
24 2 3 18 4 4 18 5 6 25
24 1 23 2 2 3 18 4 4 18 5 6 25
24 2 3 18 4 18 5 6 25
24 0 19 1 2 3 18 4 4 18 5 6 25