24 15 1 2 3 18 4 18 5 6 25
24 2 3 18 4 18 5 6 25
24 8 9 18 4 18 5 6 25
24 10 2 2 1 2 3 18 4 18 5 6 25
24 8 8 8 8 8 9 23 1 19 1 2 18 4 18 5 6 25
24 1 19 2 3 18 4 18 5 6 25
24 0 19 1 2 2 3 18 4 18 5 6 25
24 0 19 1 2 3 18 4 18 5 6 25
24 9 19 1 2 3 18 4 4 18 5 6 25
24 8 8 9 18 2 3 4 18 4 18 5 6 25
24 10 2 3 18 4 18 5 6 25
24 0 19 1 2 3 18 4 4 18 5 6 25
24 0 19 1 2 3 18 4 18 5 6 25
24 2 3 18 4 18 5 6 25
24 0 18 1 20 1 2 3 18 4 18 5 6 25
24 8 8 8 9 18 1 20 1 2 3 18 4 18 5 6 25
24 15 18 4 4 18 2 3 18 4 18 5 6 25
24 0 19 1 2 2 3 18 4 4 18 5 6 25
24 8 9 2 3 18 4 18 5 6 25
24 10 2 2 3 18 4 18 5 6 25
24 9 19 1 2 3 18 4 18 5 6 25
24 8 9 18 4 18 5 6 25
24 0 19 1 2 3 18 4 4 18 5 6 25
24 9 19 1 2 3 18 4 4 18 5 6 25
24 9 19 1 2 3 18 4 18 5 6 25
24 9 19 1 2 3 18 4 4 18 5 6 25
24 0 19 1 2 3 18 4 18 5 6 25
24 8 8 9 18 4 18 5 6 25
24 12 1 2 1 2 3 18 4 18 5 6 25
24 2 3 18 4 18 5 6 25
24 2 3 18 4 18 5 6 25
24 9 19 1 2 3 18 4 18 5 6 25
24 9 19 1 2 2 3 18 4 18 5 6 25
24 8 8 9 18 4 18 5 6 25
24 8 9 19 1 2 3 18 4 18 5 6 25
24 9 19 1 2 3 18 4 18 5 6 25
24 9 19 1 2 3 18 4 18 5 6 25
24 0 19 1 2 3 18 4 18 5 6 25
24 8 9 19 1 2 3 18 4 4 18 5 6 25
24 9 19 1 2 3 18 4 18 5 6 25
24 8 8 1 20 1 2 3 18 4 18 5 6 25
24 2 3 18 4 18 5 6 25
24 9 19 1 2 3 18 4 18 5 6 25
24 9 19 1 2 3 18 4 18 5 6 25
24 9 19 1 2 3 18 4 18 5 6 25
24 8 8 9 18 4 18 5 6 25
24 9 19 1 2 3 18 4 18 5 6 25
24 0 19 1 2 3 18 4 18 5 6 25
24 9 19 1 2 3 18 4 18 5 6 25
24 12 1 2 2 2 3 18 4 4 18 5 6 25
24 8 8 10 2 3 18 4 4 18 5 6 25
24 1 20 7 1 1 2 3 18 4 18 5 6 25
24 15 18 8 9 18 2 2 3 18 4 18 5 6 25
24 8 15 1 2 3 18 4 4 18 5 6 25
24 9 19 1 2 18 4 18 5 6 25
24 9 19 1 2 3 18 4 18 5 6 25
24 1 19 2 3 18 4 18 5 6 25
24 9 19 1 2 3 18 4 4 18 5 6 25
24 9 19 1 2 3 18 4 18 5 6 25
24 2 3 18 4 18 5 6 25
24 9 19 1 2 3 18 4 18 5 6 25
24 9 1 2 3 18 4 18 5 6 25
24 1 2 3 18 1 2 18 4 18 5 6 25
24 8 8 9 18 4 18 5 6 25
24 1 2 3 18 1 20 1 2 3 18 4 4 18 5 6 25
24 10 2 2 3 18 4 18 5 6 25
24 21 10 2 2 22 2 3 18 4 18 5 6 25
24 8 8 9 18 4 18 5 6 25
24 1 2 20 2 2 3 18 4 18 5 6 25
24 15 1 2 3 18 4 18 5 6 25
24 2 3 18 4 18 5 6 25
24 9 19 1 2 3 18 4 18 5 6 25
24 10 2 3 18 4 18 5 6 25
24 1 2 2 3 18 1 2 3 18 4 4 18 5 6 25
24 8 9 19 1 2 3 18 4 18 5 6 25
24 9 19 1 2 3 18 4 18 5 6 25
24 9 19 1 2 3 18 4 18 5 6 25
24 2 3 18 4 18 5 6 25
24 8 8 9 18 4 18 5 6 25
24 9 19 1 2 3 18 4 18 5 6 25
24 21 7 1 22 1 2 2 20 2 3 18 4 18 5 6 25
24 9 19 1 2 3 18 4 18 5 6 25
24 15 1 2 3 18 4 4 18 5 6 25
24 1 19 2 2 3 18 4 18 5 6 25
24 2 3 18 4 18 5 6 25
24 15 1 2 3 18 4 4 4 4 4 18 5 6 25
24 1 19 1 2 3 18 4 18 5 6 25
24 2 3 18 4 18 5 6 25
24 8 8 9 18 4 4 18 5 6 25
24 10 2 1 20 1 2 3 18 4 18 5 6 25
24 12 1 2 2 2 3 18 4 18 5 6 25
24 2 3 18 4 18 5 6 25
24 8 9 1 2 3 18 4 18 5 6 25
24 10 2 1 2 3 18 4 18 5 6 25
24 2 3 18 4 18 5 6 25
24 0 19 1 2 3 18 4 4 18 5 6 25
24 2 3 18 4 4 18 5 6 25
24 8 23 8 8 9 18 4 4 18 5 6 25
24 2 3 18 4 18 5 6 25
24 0 19 1 2 3 18 4 4 18 5 6 25
