================dp=============
[[[1.14285714e-01 0.00000000e+00 0.00000000e+00 0.00000000e+00]
  [2.13333333e-02 6.09523810e-03 3.04761905e-03 0.00000000e+00]
  [2.98666667e-03 8.53333333e-04 4.26666667e-04 4.26666667e-04]
  [2.78755556e-04 7.96444444e-05 4.55111111e-05 4.55111111e-05]
  [3.71674074e-05 1.06192593e-05 6.06814815e-06 6.06814815e-06]]

 [[5.71428571e-02 0.00000000e+00 0.00000000e+00 0.00000000e+00]
  [5.33333333e-03 4.57142857e-03 3.04761905e-03 0.00000000e+00]
  [1.70666667e-03 9.95555556e-04 8.53333333e-04 5.68888889e-04]
  [1.79200000e-04 1.36533333e-04 1.19466667e-04 7.96444444e-05]
  [2.38933333e-05 1.82044444e-05 1.59288889e-05 1.06192593e-05]]

 [[5.71428571e-02 0.00000000e+00 0.00000000e+00 0.00000000e+00]
  [5.33333333e-03 4.57142857e-03 1.52380952e-03 0.00000000e+00]
  [8.53333333e-04 4.97777778e-04 4.26666667e-04 2.84444444e-04]
  [3.98222222e-04 2.98666667e-04 2.32296296e-04 1.99111111e-04]
  [5.30962963e-05 3.98222222e-05 3.09728395e-05 2.65481481e-05]]

 [[0.00000000e+00 0.00000000e+00 0.00000000e+00 0.00000000e+00]
  [0.00000000e+00 0.00000000e+00 0.00000000e+00 0.00000000e+00]
  [0.00000000e+00 0.00000000e+00 0.00000000e+00 0.00000000e+00]
  [0.00000000e+00 0.00000000e+00 0.00000000e+00 0.00000000e+00]
  [0.00000000e+00 0.00000000e+00 0.00000000e+00 0.00000000e+00]]

 [[0.00000000e+00 0.00000000e+00 0.00000000e+00 0.00000000e+00]
  [0.00000000e+00 0.00000000e+00 0.00000000e+00 0.00000000e+00]
  [0.00000000e+00 0.00000000e+00 0.00000000e+00 0.00000000e+00]
  [0.00000000e+00 0.00000000e+00 0.00000000e+00 0.00000000e+00]
  [0.00000000e+00 0.00000000e+00 0.00000000e+00 0.00000000e+00]]]
================dp=============
[[[1.14285714e-01 0.00000000e+00 0.00000000e+00 0.00000000e+00]
  [5.33333333e-03 1.52380952e-03 7.61904762e-04 0.00000000e+00]
  [4.97777778e-04 1.42222222e-04 1.42222222e-04 1.21904762e-04]
  [6.63703704e-05 1.89629630e-05 1.89629630e-05 1.62539683e-05]]

 [[5.71428571e-02 0.00000000e+00 0.00000000e+00 0.00000000e+00]
  [2.66666667e-03 2.28571429e-03 1.52380952e-03 0.00000000e+00]
  [3.73333333e-04 3.20000000e-04 3.20000000e-04 2.13333333e-04]
  [4.97777778e-05 4.26666667e-05 4.26666667e-05 2.84444444e-05]]

 [[5.71428571e-02 0.00000000e+00 0.00000000e+00 0.00000000e+00]
  [2.66666667e-03 2.28571429e-03 7.61904762e-04 0.00000000e+00]
  [6.22222222e-04 5.33333333e-04 5.33333333e-04 3.55555556e-04]
  [8.29629630e-05 7.11111111e-05 7.11111111e-05 4.74074074e-05]]

 [[0.00000000e+00 0.00000000e+00 0.00000000e+00 0.00000000e+00]
  [0.00000000e+00 0.00000000e+00 0.00000000e+00 0.00000000e+00]
  [0.00000000e+00 0.00000000e+00 0.00000000e+00 0.00000000e+00]
  [0.00000000e+00 0.00000000e+00 0.00000000e+00 0.00000000e+00]]

 [[0.00000000e+00 0.00000000e+00 0.00000000e+00 0.00000000e+00]
  [0.00000000e+00 0.00000000e+00 0.00000000e+00 0.00000000e+00]
  [0.00000000e+00 0.00000000e+00 0.00000000e+00 0.00000000e+00]
  [0.00000000e+00 0.00000000e+00 0.00000000e+00 0.00000000e+00]]]
[[3, 0, 0, 1, 2, 4, -9.843403381747937], [3, 0, 0, 0, 2, 4, -10.131085454199718], [3, 0, 0, 0, 0, 4, -10.20007832568667], [3, 1, 2, 1, 2, 4, -10.382399882480625], [3, 2, 1, 2, 4, -9.397116279119517], [3, 0, 0, 2, 4, -9.551266958946776], [3, 0, 1, 2, 4, -9.551266958946776], [3, 0, 0, 0, 4, -9.620259830433728]]
